0,390
0,389
0,386
0,273
0,270
65,35
10,81
10,15
10,213
10,255
10,105
10,131
10,141
10,103
10,2
10,3
9,7
9,5
9,2
9,3
8,13
8,15
8,7
8,14
8,10
53,3
53,2
53,1
53,0
52,5
52,4
52,3
52,2
52,1
52,0
51,3
51,2
51,1
51,0
50,4
50,3
50,2
50,1
49,3
49,2
49,1
46,3
46,1
45,3
45,1
20,3
20,2
20,1
19,3
19,2
19,1
12,3
12,2
12,1
11,28
11,27
11,26
11,25
11,24
11,23
11,22
11,21
11,20
11,19
11,18
11,17
11,16
11,15
11,14
11,13
11,11
11,10
11,9
11,8
11,7
11,6
11,5
11,4
11,3
11,2
11,1
10,294
10,291
10,288
10,287
10,283
18,1
18,3
10,281
10,279
14,1
10,278
14,3
10,274
13,1
13,3
10,269
10,264
10,258
10,256
10,250
10,245
10,244
10,238
10,237
10,234
10,233
10,228
10,198
10,197
10,195
10,193
10,191
